AUD/CAD 100667 0.00001 10000
AUD/CHF 100619 0.00001 10000
AUD/JPY 4008 0.001 10000
AUD/NZD 100615 0.00001 10000
AUD/USD 4007 0.00001 10000
CAD/CHF 100671 0.00001 10000
CAD/JPY 100669 0.001 10000
CHF/JPY 4009 0.001 10000
EUR/AUD 4016 0.00001 10000
EUR/CAD 4015 0.00001 10000
EUR/CHF 4011 0.00001 10000
EUR/CNH 100893 0.00001 10000
EUR/CZK 100479 0.0001 10000
EUR/DKK 100485 0.00001 10000
EUR/GBP 4003 0.00001 10000
EUR/HKD 100491 0.00001 10000
EUR/HUF 100497 0.001 10000
EUR/JPY 4006 0.001 10000
EUR/MXN 100503 0.00001 10000
EUR/NOK 100509 0.00001 10000
EUR/NZD 100515 0.00001 10000
EUR/PLN 100519 0.00001 10000
EUR/RON 100930 0.00001 10000
EUR/SEK 100525 0.00001 10000
EUR/SGD 100531 0.00001 10000
EUR/TRY 100537 0.00001 10000
EUR/USD 4001 0.00001 10000
EUR/ZAR 100543 0.00001 10000
GBP/AUD 4017 0.00001 10000
GBP/CAD 4014 0.00001 10000
GBP/CHF 4012 0.00001 10000
GBP/CZK 100481 0.0001 10000
GBP/DKK 100487 0.00001 10000
GBP/HKD 100493 0.00001 10000
GBP/HUF 100499 0.001 10000
GBP/JPY 4005 0.001 10000
GBP/MXN 100505 0.00001 10000
GBP/NOK 100511 0.00001 10000
GBP/NZD 100517 0.00001 10000
GBP/PLN 100521 0.00001 10000
GBP/SEK 100527 0.00001 10000
GBP/SGD 100533 0.00001 10000
GBP/TRY 100539 0.00001 10000
GBP/USD 4002 0.00001 10000
GBP/ZAR 100545 0.00001 10000
NOK/SEK 100555 0.00001 10000
NZD/CAD 100673 0.00001 10000
NZD/CHF 100675 0.00001 10000
NZD/JPY 100617 0.001 10000
NZD/SGD 100677 0.00001 10000
NZD/USD 100613 0.00001 10000
USD/CAD 4013 0.00001 10000
USD/CHF 4010 0.00001 10000
USD/CNH 100892 0.00001 10000
USD/CZK 100483 0.0001 10000
USD/DKK 100489 0.00001 10000
USD/HKD 100495 0.00001 10000
USD/HUF 100501 0.001 10000
USD/ILS 100927 0.0005 10000
USD/JPY 4004 0.001 10000
USD/MXN 100507 0.00001 10000
USD/NOK 100513 0.00001 10000
USD/PLN 100523 0.00001 10000
USD/RON 100931 0.00001 10000
USD/SEK 100529 0.00001 10000
USD/SGD 100535 0.00001 10000
USD/THB 100932 0.001 10000
USD/TRY 100541 0.00001 10000
USD/ZAR 100547 0.00001 10000
XAU/USD 100637 0.01 10
XAG/USD 100639 0.001 500
XAG/AUD 100804 0.001 500
XAU/AUD 100803 0.01 10
XAU/EUR 100925 0.01 10
XPD/USD 100807 0.001 1
XPT/USD 100806 0.001 1
AUD/SGD 100988 0.00001 10000
EUR/ILS 100989 0.00001 10000
AUD/CNH 100991 0.00001 10000
SGD/CNH 101025 0.00001 10000
SGD/HKD 101027 0.00001 10000
NZD/CNH 101019 0.00001 10000
AUD/HKD 110643 0.00001 10000
CAD/CNH 110644 0.00001 10000
CAD/HKD 110645 0.00001 10000
CNH/JPY 110646 0.001 10000
CNH/SEK 110647 0.00001 10000
HKD/JPY 110648 0.001 10000
NZD/HKD 110649 0.00001 10000
GBP/CNH 110650 0.00001 10000
HKD/CNH 110651 0.00001 10000
